83 | 20, 18 | 3
82 | 24, 12 | 2
81 | 24, 0 | 0
80 | 24, 14 | 3
79 | 30, 23 | 5
78 | 25, 24 | 4
77 | 24, 20 | 4
76 | 24, 22 | 4
75 | 28, 0 | 0
74 | 24, 24 | 5
73 | 24, 24 | 5
72 | 24, 0 | 0
70 | 24, 24 | 5
71 | 24, 24 | 5
69 | 24, 3 | 1
68 | 24, 22 | 4
67 | 24, 19 | 4
63 | 24, 22 | 5
64 | 24, 22 | 5
65 | 24, 22 | 5
66 | 24, 22 | 5
62 | 20, 0 | 0
61 | 24, 0 | 0
60 | 24, 24 | 5
58 | 30, 0 | 0
57 | 24, 0 | 0
56 | 24, 0 | 0
55 | 24, 0 | 0
53 | 24, 22 | 4
54 | 24, 23 | 5
51 | 20, 0 | 0
50 | 24, 19 | 4
48 | 24, 23 | 5
49 | 24, 23 | 5
47 | 24, 22 | 6
46 | 24, 19 | 6
45 | 14, 13 | 3
43 | 24, 20 | 4
44 | 24, 10 | 2
42 | 25, 0 | 0
41 | 25, 0 | 0
40 | 12, 9 | 2
39 | 24, 0 | 0
38 | 20, 0 | 0
36 | 24, 0 | 0
37 | 24, 0 | 0
34 | 24, 0 | 0
35 | 24, 0 | 0
32 | 24, 0 | 0
33 | 24, 23 | 5
31 | 90, 11 | 2
29 | 24, 20 | 4
30 | 24, 0 | 0
27 | 18, 18 | 3
28 | 20, 0 | 0
26 | 24, 4 | 1
25 | 24, 24 | 6
24 | 24, 20 | 4
23 | 24, 23 | 4
22 | 20, 0 | 0
20 | 24, 0 | 0
21 | 24, 0 | 0
19 | 20, 0 | 0
17 | 24, 7 | 2
18 | 1000, 0 | 0
16 | 8, 0 | 0
13 | 14, 14 | 4
14 | 24, 11 | 2
15 | 24, 0 | 0
12 | 24, 0 | 0
11 | 24, 0 | 0
10 | 24, 22 | 4
9 | 24, 0 | 0
8 | 24, 0 | 0
7 | 12, 0 | 0
6 | 24, 0 | 0
5 | 24, 16 | 3
4 | 24, 0 | 0
3 | 24, 3 | 1
2 | 24, 0 | 0
1 | 24, 0 | 0
